Set 0
1080205312
1041801216
1040769024
1046171648
1082535936
1043025920
1042800640
1057669120
1113272320
1061642240
Set 1
1080205312
1041801216
1040769024
1046171648
1082535936
1043025920
1042800640
1057669120
1113272320
1061642240
1061285888
1047883776
1102123008
1072582656
1070440448
1068548096
1102020608
1096364032
1077846016
1088503808
Set 2
1080205312
1041801216
1040769024
1046171648
1082535936
1043025920
1042800640
1057669120
1113272320
1061642240
1061285888
1047883776
1102123008
1072582656
1070440448
1068548096
1102020608
1096364032
1077846016
1088503808
1080897536
1081356288
1083211776
1083109376
1075916800
1085153280
1083379712
1084063744
1089519616
1084047360
